{
  "watts_strogatz_N12": [
    {
      "config": {
        "N": 12,
        "A": 5,
        "C": 5,
        "episodes": 40,
        "steps_per_episode": 32,
        "enable_veto": true,
        "enable_floor": true,
        "enable_ci_aware": true,
        "reward_si_weight": 1.0,
        "reward_consensus_weight": 0.3,
        "reward_acceptance_weight": 0.2,
        "network_type": "watts_strogatz",
        "eta": 0.06,
        "gamma": 0.95,
        "pi_lr": 0.0003,
        "vf_lr": 0.0005,
        "seed": 0
      },
      "metrics": {
        "final_weights": [
          0.20045182837097383,
          0.19569507844744136,
          0.19978232311692357,
          0.18006025434552178,
          0.22401051571913944
        ],
        "final_utilities": [],
        "convergence_steps": 0,
        "final_entropy": 0.9984697255411857,
        "final_consensus": 1.480155520948434e-06,
        "final_si_mean": 0.5825433644014969,
        "single_criterion_dominance": 0.22401051571913944,
        "positive_bias_ratio": 0.4791666666666667,
        "s_type_ratio": 0.84375
      },
      "time_series": {
        "si_trajectory": [
          0.5956503746853596,
          0.583512814767184,
          0.5827676142522727,
          0.5825952840371497,
          0.5825553573706506,
          0.582546107219017,
          0.5825439641516644,
          0.5825434676469841
        ],
        "consensus_trajectory": [
          0.17937737024742414,
          0.03083490882304838,
          0.007144283091607487,
          0.001655184126121735,
          0.0003834723268130169,
          8.88426991851668e-05,
          2.058303727964228e-05,
          4.768668979464319e-06
        ],
        "entropy_trajectory": [
          0.9888302033930785,
          0.9980815569972785,
          0.9984488990012349,
          0.9984686076923796,
          0.9984696655402545,
          0.9984697223206108,
          0.99846972536832,
          0.9984697255319072
        ],
        "weight_trajectories": [
          [
            [
              0.18817746874047434,
              0.20363866767163982,
              0.21035768591913756,
              0.14255229789590407,
              0.2552738797728442
            ],
            [
              0.2505637885593409,
              0.1833922655219094,
              0.22034890499478318,
              0.10747487759936,
              0.23822016332460652
            ],
            [
              0.24054381453011336,
              0.15144101354106287,
              0.2479021404871137,
              0.13216776818356718,
              0.22794526325814285
            ],
            [
              0.2186299628070129,
              0.13806057076482764,
              0.23086569875745142,
              0.14273308533798357,
              0.2697106823327244
            ],
            [
              0.23568582096344773,
              0.1477974343715462,
              0.19919587080201606,
              0.1511885349676347,
              0.26613233889535526
            ],
            [
              0.23833847121102036,
              0.18108877679149635,
              0.21034044123883938,
              0.16705809387954548,
              0.20317421687909837
            ],
            [
              0.1775214640821525,
              0.215394520023475,
              0.21196629933900163,
              0.2030786202650897,
              0.19203909629028126
            ],
            [
              0.1805216762022161,
              0.22325042160485242,
              0.1354227174486263,
              0.22254318704357925,
              0.23826199770072604
            ],
            [
              0.18785047128085358,
              0.23560369991083335,
              0.13396486793858292,
              0.22856022130408976,
              0.21402073956564033
            ],
            [
              0.15953037753566407,
              0.23722470904871248,
              0.19264493556504209,
              0.2238798951324061,
              0.18672008271817533
            ],
            [
              0.15952834749887776,
              0.2114661736238093,
              0.20489280916022523,
              0.24272441435533912,
              0.18138825536174868
            ],
            [
              0.16853027704051202,
              0.2199826884951316,
              0.19948550575226437,
              0.19676205618176273,
              0.2152394725303292
            ]
          ],
          [
            [
              0.2004199195044146,
              0.19481534241284862,
              0.2045095246173864,
              0.17477671352358543,
              0.22547849994176494
            ],
            [
              0.2050646460673311,
              0.18978894067526286,
              0.20734242584895446,
              0.16937451616302665,
              0.2284294712454249
            ],
            [
              0.20848193657717906,
              0.18633909063459828,
              0.208150701088548,
              0.16683741159722162,
              0.23019086010245302
            ],
            [
              0.20975261438014953,
              0.18539876348513779,
              0.2067263535686171,
              0.16784643707424757,
              0.230275831491848
            ],
            [
              0.20850815047814072,
              0.18721911395886712,
              0.20344771577381093,
              0.17213422911712215,
              0.2286907906720591
            ],
            [
              0.20511775563003787,
              0.1913118937297395,
              0.19916279044990845,
              0.17853453300874167,
              0.22587302718157248
            ],
            [
              0.20049101509878073,
              0.19657996804270012,
              0.1950474589002725,
              0.18534171757648882,
              0.22253984038175778
            ],
            [
              0.195840831310866,
              0.20161149671526765,
              0.1922207726940997,
              0.19073517894701472,
              0.21959172033275184
            ],
            [
              0.19241981133548544,
              0.2050479682415991,
              0.19141066152905697,
              0.1932819132085835,
              0.21783964568527497
            ],
            [
              0.19116230787345226,
              0.20598254763988894,
              0.1928310096767424,
              0.19227870828576568,
              0.2177454265241508
            ],
            [
              0.19238584808524056,
              0.20416616212634145,
              0.1961309442276493,
              0.18799591235601687,
              0.21932113320475177
            ],
            [
              0.19577710411060767,
              0.20007965370704497,
              0.20040751902803738,
              0.18158578128844705,
              0.22214994186586293
            ]
          ],
          [
            [
              0.20044401307137227,
              0.19549077450019156,
              0.20087690781014272,
              0.17883571686266067,
              0.2243525877556328
            ],
            [
              0.20152131356525177,
              0.19432580929115267,
              0.20153472202384096,
              0.17758505117395318,
              0.22503310394580148
            ],
            [
              0.2023120409064735,
              0.19352773788359987,
              0.20172298480687822,
              0.17699761801571182,
              0.2254396183873367
            ],
            [
              0.20260432475261642,
              0.19331040422987092,
              0.20139124582660733,
              0.17723081288043457,
              0.2254632123104708
            ],
            [
              0.20231985445172204,
              0.19373204227117066,
              0.2006283962090542,
              0.17822215360548477,
              0.22509755346256838
            ],
            [
              0.20153484670795438,
              0.19467967653243987,
              0.19963884692392164,
              0.17970601111014148,
              0.22444061872554263
            ],
            [
              0.20045964006561162,
              0.19589938522533754,
              0.19868774075426085,
              0.18128479034464892,
              0.22366844361014113
            ],
            [
              0.19938234626731294,
              0.1970643491655892,
              0.19802991972560066,
              0.1825354544346002,
              0.222987930406897
            ],
            [
              0.19859161865051456,
              0.19786241856630948,
              0.197841659614731,
              0.1831228907375379,
              0.22258141243090718
            ],
            [
              0.19829932966041558,
              0.1980797510158724,
              0.19817340285930907,
              0.1828896964754382,
              0.22255781998896462
            ],
            [
              0.1985838017076219,
              0.1976581113339534,
              0.19893625048805408,
              0.18189835854590483,
              0.22292347792446565
            ],
            [
              0.1993688106448186,
              0.1967104813538089,
              0.19992580036068283,
              0.18041449795974543,
              0.22358040968094434
            ]
          ],
          [
            [
              0.20045001800868997,
              0.19564774503700724,
              0.20003591622454597,
              0.1797765544349167,
              0.22408976629484018
            ],
            [
              0.20069960555043015,
              0.19537784651329546,
              0.20018831841262635,
              0.17948680097719114,
              0.22424742854645693
            ],
            [
              0.20088280139790943,
              0.1951929500295381,
              0.20023193448920473,
              0.17935070388659682,
              0.22434161019675097
            ],
            [
              0.20095051837137823,
              0.19514259845012022,
              0.20015507756266362,
              0.17940473026877587,
              0.22434707534706205
            ],
            [
              0.2008846117596101,
              0.1952402834400017,
              0.19997834138406215,
              0.17963440379856147,
              0.22426235961776464
            ],
            [
              0.2007027411896649,
              0.1954598303849821,
              0.1997490822666066,
              0.17997818363734802,
              0.22411016252139843
            ],
            [
              0.20045363873400288,
              0.19574241185840321,
              0.1995287300085166,
              0.18034395425591426,
              0.22393126514316303
            ],
            [
              0.20020405119170387,
              0.19601231038264,
              0.19937632782107267,
              0.1806337077127452,
              0.22377360289183823
            ],
            [
              0.2000208553438427,
              0.1961972068650274,
              0.1993327117443063,
              0.18076980480432567,
              0.22367942124249807
            ],
            [
              0.19995313837172293,
              0.19624755844385672,
              0.19940956867043783,
              0.18071577842274253,
              0.22367395609123997
            ],
            [
              0.20001904498134854,
              0.19614987345438128,
              0.19958630485122014,
              0.18048610489346859,
              0.2237586718195816
            ],
            [
              0.2002009155513819,
              0.195930326510043,
              0.19981556396782058,
              0.1801423250536757,
              0.22391086891707884
            ]
          ],
          [
            [
              0.20045140894699673,
              0.19568411226378296,
              0.19984107545594937,
              0.17999452687557932,
              0.2240288764576916
            ],
            [
              0.20050923327847608,
              0.1956215822930557,
              0.1998763839276761,
              0.179927396922655,
              0.22406540357813703
            ],
            [
              0.2005516760113481,
              0.19557874555754282,
              0.19988648888112254,
              0.17989586600889673,
              0.2240872235410898
            ],
            [
              0.20056736464961555,
              0.1955670801259315,
              0.19986868270217256,
              0.17990838281718194,
              0.22408848970509848
            ],
            [
              0.200552095435325,
              0.1955897117412013,
              0.19982773654209637,
              0.17996159347883903,
              0.2240688628025384
            ],
            [
              0.20050995974211397,
              0.1956405762803175,
              0.19977462189142015,
              0.18004124024004828,
              0.22403360184610033
            ],
            [
              0.2004522477949505,
              0.19570604463110003,
              0.1997235707778981,
              0.1801259818154642,
              0.22399215498058722
            ],
            [
              0.20039442346347175,
              0.19576857460182717,
              0.19968826230617065,
              0.18019311176838834,
              0.2239556278601421
            ],
            [
              0.20035198073059973,
              0.19581141133733984,
              0.1996781573527245,
              0.18022464268214694,
              0.22393380789718895
            ],
            [
              0.20033629209233175,
              0.19582307676895103,
              0.19969596353167485,
              0.18021212587386176,
              0.22393254173318042
            ],
            [
              0.20035156130662254,
              0.19580044515368114,
              0.1997369096917509,
              0.180158915212205,
              0.22395216863574047
            ],
            [
              0.20039369699983373,
              0.19574958061456538,
              0.19979002434242726,
              0.18007926845099548,
              0.22398742959217827
            ]
          ],
          [
            [
              0.20045173119901216,
              0.19569253780685825,
              0.19979593483286118,
              0.18004502663433644,
              0.22401476952693183
            ],
            [
              0.20046512791457144,
              0.19567805089087784,
              0.19980411508398488,
              0.18002947399651373,
              0.22402323211405215
            ],
            [
              0.200474961028164,
              0.19566812649492757,
              0.19980645619513296,
              0.18002216892835046,
              0.22402828735342484
            ],
            [
              0.2004785957649437,
              0.19566542385288793,
              0.19980233086746405,
              0.18002506881696168,
              0.22402858069774273
            ],
            [
              0.20047505820012562,
              0.1956706671355107,
              0.19979284447919546,
              0.18003739663953583,
              0.22402403354563244
            ],
            [
              0.200465296221346,
              0.1956824514094515,
              0.19978053890040282,
              0.18005584916596976,
              0.22401586430282996
            ],
            [
              0.2004519255429354,
              0.19569761908802444,
              0.1997687114009861,
              0.1800754820567072,
              0.22400626191134698
            ],
            [
              0.2004385288273761,
              0.19571210600400493,
              0.1997605311498624,
              0.18009103469452992,
              0.22399779932422673
            ],
            [
              0.20042869571378352,
              0.19572203039995512,
              0.19975819003871428,
              0.18009833976269318,
              0.22399274408485398
            ],
            [
              0.20042506097700388,
              0.1957247330419948,
              0.19976231536638323,
              0.18009543987408197,
              0.22399245074053614
            ],
            [
              0.20042859854182193,
              0.19571948975937203,
              0.19977180175465184,
              0.18008311205150782,
              0.22399699789264638
            ],
            [
              0.20043836052060154,
              0.19570770548543126,
              0.19978410733344446,
              0.1800646595250739,
              0.2240051671354489
            ]
          ],
          [
            [
              0.20045180585821662,
              0.195694489832954,
              0.19978547667325575,
              0.18005672639612486,
              0.22401150123944857
            ],
            [
              0.20045490960335624,
              0.19569113351066275,
              0.19978737187022055,
              0.18005312316786823,
              0.22401346184789225
            ],
            [
              0.20045718773476717,
              0.19568883423099548,
              0.19978791425781653,
              0.18005143073290492,
              0.22401463304351577
            ],
            [
              0.2004580298289778,
              0.19568820808408227,
              0.1997869585037256,
              0.18005210257781665,
              0.22401470100539772
            ],
            [
              0.2004572102475243,
              0.19568942284548282,
              0.19978476070148443,
              0.18005495868230187,
              0.22401364752320657
            ],
            [
              0.20045494859659538,
              0.19569215302086093,
              0.1997819097504287,
              0.18005923375547025,
              0.22401175487664482
            ],
            [
              0.2004518508837309,
              0.19569566706192873,
              0.19977916956059147,
              0.1800637822949188,
              0.22400953019883024
            ],
            [
              0.20044874713859134,
              0.19569902338422002,
              0.1997772743636267,
              0.18006738552317542,
              0.22400756959038656
            ],
            [
              0.20044646900718033,
              0.19570132266388723,
              0.19977673197603069,
              0.1800690779581387,
              0.22400639839476305
            ],
            [
              0.20044562691296974,
              0.1957019488108005,
              0.19977768773012167,
              0.180068406113227,
              0.22400633043288115
            ],
            [
              0.20044644649442325,
              0.19570073404939992,
              0.19977988553236284,
              0.18006555000874175,
              0.22400738391507224
            ],
            [
              0.20044870814535218,
              0.19569800387402186,
              0.19978273648341854,
              0.1800612749355734,
              0.224009276561634
            ]
          ],
          [
            [
              0.2004518231552282,
              0.19569494207749713,
              0.19978305373146082,
              0.18005943699176488,
              0.22401074404404908
            ],
            [
              0.20045254222953024,
              0.1956941644862321,
              0.19978349280985588,
              0.1800586021974349,
              0.22401119827694668
            ],
            [
              0.2004530700260087,
              0.19569363179013508,
              0.19978361846997447,
              0.18005821009485073,
              0.22401146961903112
            ],
            [
              0.20045326512202316,
              0.19569348672469494,
              0.1997833970412891,
              0.18005836574758294,
              0.22401148536440987
            ],
            [
              0.2004530752417543,
              0.19569376816007933,
              0.19978288785543727,
              0.1800590274486077,
              0.22401124129412148
            ],
            [
              0.20045255126346673,
              0.1956944006859042,
              0.19978222734835677,
              0.1800600178956698,
              0.22401080280660257
            ],
            [
              0.20045183358671942,
              0.19569521481738567,
              0.19978159250238642,
              0.18006107169927882,
              0.2240102873942298
            ],
            [
              0.20045111451241726,
              0.1956959924086506,
              0.19978115342399125,
              0.1800619064936087,
              0.22400983316133208
            ],
            [
              0.2004505867159389,
              0.1956965251047477,
              0.19978102776387277,
              0.18006229859619297,
              0.2240095618192477
            ],
            [
              0.20045039161992442,
              0.1956966701701878,
              0.19978124919255813,
              0.18006214294346073,
              0.22400954607386897
            ],
            [
              0.2004505815001933,
              0.1956963887348034,
              0.19978175837840997,
              0.18006148124243598,
              0.22400979014415734
            ],
            [
              0.2004511054784809,
              0.19569575620897856,
              0.19978241888549048,
              0.18006049079537387,
              0.22401022863167624
            ]
          ]
        ]
      },
      "network_properties": {
        "num_nodes": 12,
        "num_edges": 24,
        "density": 0.36363636363636365,
        "average_degree": 4.0,
        "is_connected": true,
        "diameter": 3,
        "average_path_length": 1.9090909090909092,
        "clustering_coefficient": 0.5
      }
    },
    {
      "config": {
        "N": 12,
        "A": 5,
        "C": 5,
        "episodes": 40,
        "steps_per_episode": 32,
        "enable_veto": true,
        "enable_floor": true,
        "enable_ci_aware": true,
        "reward_si_weight": 1.0,
        "reward_consensus_weight": 0.3,
        "reward_acceptance_weight": 0.2,
        "network_type": "watts_strogatz",
        "eta": 0.06,
        "gamma": 0.95,
        "pi_lr": 0.0003,
        "vf_lr": 0.0005,
        "seed": 1
      },
      "metrics": {
        "final_weights": [
          0.18346646276442816,
          0.20685957470446534,
          0.19736673562914822,
          0.18081708960755757,
          0.2314901372944007
        ],
        "final_utilities": [],
        "convergence_steps": 0,
        "final_entropy": 0.9974239656547904,
        "final_consensus": 8.085883643205172e-09,
        "final_si_mean": 0.5650937230502722,
        "single_criterion_dominance": 0.2314901372944007,
        "positive_bias_ratio": 0.48125,
        "s_type_ratio": 0.8208333333333333
      },
      "time_series": {
        "si_trajectory": [
          0.5660843971542308,
          0.5652069647125563,
          0.5651263552057146,
          0.5650986839762433,
          0.5650943933699557,
          0.5650938096401364,
          0.5650937338129743,
          0.5650937241728664
        ],
        "consensus_trajectory": [
          0.21355455665647782,
          0.01153863801352547,
          0.001462504394928503,
          0.00018190038829175859,
          2.2554121113980974e-05,
          2.795574293813774e-06,
          3.4653398140599423e-07,
          4.29594286671664e-08
        ],
        "entropy_trajectory": [
          0.9884579324164723,
          0.9973658162178985,
          0.9974230577028732,
          0.9974239419118246,
          0.9974239640255848,
          0.9974239654715079,
          0.9974239656326819,
          0.9974239656525073
        ],
        "weight_trajectories": [
          [
            [
              0.18755929493733217,
              0.1888177785088466,
              0.25064092254629183,
              0.160331382803617,
              0.2126506212039124
            ],
            [
              0.1411590483982552,
              0.18647763017783536,
              0.2420955894258056,
              0.18840548417886838,
              0.24186224781923543
            ],
            [
              0.2641193456030962,
              0.19838837367625298,
              0.22172449474889697,
              0.13017981847372803,
              0.18558796749802584
            ],
            [
              0.20106096074857663,
              0.1486837177320122,
              0.2054680982094003,
              0.17082108832369072,
              0.2739661349863201
            ],
            [
              0.18652339362378678,
              0.2239110348947973,
              0.20655899593104077,
              0.15711626209151328,
              0.22589031345886182
            ],
            [
              0.2483584452402479,
              0.21304002877234285,
              0.18278720574650884,
              0.14236520329533833,
              0.21344911694556198
            ],
            [
              0.1805216762022161,
              0.22325042160485242,
              0.1354227174486263,
              0.22254318704357925,
              0.23826199770072604
            ],
            [
              0.17215780732646238,
              0.19678533782575158,
              0.1545267693338704,
              0.21382759420924416,
              0.26270249130467144
            ],
            [
              0.14951040350643646,
              0.20527345706786596,
              0.22019817105737266,
              0.24857278571661326,
              0.17644518265171166
            ],
            [
              0.13365596640543412,
              0.2279988891614945,
              0.18671740793444375,
              0.2395801469591036,
              0.21204758953952405
            ],
            [
              0.1779977516014219,
              0.25898974529440677,
              0.17162038329806856,
              0.15414065759451423,
              0.23725146221158852
            ],
            [
              0.16230508764703072,
              0.220171383209325,
              0.19218228469335608,
              0.13940803049966857,
              0.2859332139506196
            ]
          ],
          [
            [
              0.18652490986780493,
              0.20657817784331514,
              0.19934079345850633,
              0.1762575793872971,
              0.23129853944307646
            ],
            [
              0.17981989322817782,
              0.20638835034696212,
              0.19739342705285448,
              0.18332086948997725,
              0.2330774598820283
            ],
            [
              0.1893424543231061,
              0.2056812468949338,
              0.1997322010131669,
              0.1748894067375527,
              0.23035469103124048
            ],
            [
              0.18545420748521776,
              0.20575602975634702,
              0.19866654032576062,
              0.17902207872608522,
              0.23110114370658938
            ],
            [
              0.18774650250552813,
              0.20611553043083186,
              0.19795520497762584,
              0.17797234920279278,
              0.23021041288322158
            ],
            [
              0.18790752293711033,
              0.2069181422015166,
              0.19775651615778125,
              0.1774205692432196,
              0.22999724946037226
            ],
            [
              0.1836368627643119,
              0.2068293705546887,
              0.19540436107217635,
              0.1835922462900544,
              0.23053715931876861
            ],
            [
              0.17822118983559715,
              0.2071830729522856,
              0.19494616433599074,
              0.18746392020276473,
              0.23218565267336175
            ],
            [
              0.18002982121103342,
              0.20690192818166134,
              0.19518006681520114,
              0.18614900652964522,
              0.23173917726245902
            ],
            [
              0.17839510173076423,
              0.2081759000501178,
              0.1957931168416257,
              0.1848898603812011,
              0.23274602099629121
            ],
            [
              0.18325962363166445,
              0.2079910204220391,
              0.1979460362276769,
              0.17882843534960177,
              0.23197488436901786
            ],
            [
              0.18069611009654415,
              0.20774320469688518,
              0.1981100582678648,
              0.1805848769670589,
              0.23286574997164694
            ]
          ],
          [
            [
              0.18386785796403896,
              0.20682116017943075,
              0.19756582976915438,
              0.1803121889540494,
              0.23143296313332654
            ],
            [
              0.18302983092909156,
              0.20690027754347998,
              0.19727403564030285,
              0.18118461486741785,
              0.23161124101970781
            ],
            [
              0.18419130584173182,
              0.20676155235260535,
              0.19762796075938732,
              0.18008229909914045,
              0.23133688194713506
            ],
            [
              0.1837189997086738,
              0.20680450033334855,
              0.19745785577389682,
              0.18058309688100038,
              0.23143554730308044
            ],
            [
              0.18397660101450786,
              0.2067820470681954,
              0.19748441270943057,
              0.18040698511391048,
              0.2313499540939558
            ],
            [
              0.18399855026966233,
              0.20679771003206787,
              0.19749738847400475,
              0.1803564286333971,
              0.2313499225908679
            ],
            [
              0.18344057406768274,
              0.20684086287829695,
              0.19723378637680491,
              0.18105044128565612,
              0.23143433539155928
            ],
            [
              0.18280029946030013,
              0.2069245453846996,
              0.19708358178767832,
              0.1815834777471175,
              0.2316080956202044
            ],
            [
              0.18301025571441604,
              0.2068957537095919,
              0.19713780671535394,
              0.18140347319505196,
              0.23155271066558614
            ],
            [
              0.18284744033660463,
              0.20696020022381373,
              0.19718641200562498,
              0.181363558034724,
              0.2316423893992327
            ],
            [
              0.1834691830608066,
              0.20690334448544875,
              0.19744460643899403,
              0.18065273028421386,
              0.23153013573053682
            ],
            [
              0.18317351102931376,
              0.20693017608881986,
              0.19738281341057504,
              0.18090010641504387,
              0.23161339305624748
            ]
          ],
          [
            [
              0.18351777356317145,
              0.20685417904009373,
              0.19738858144815707,
              0.18075840030810061,
              0.23148106564047718
            ],
            [
              0.18341352773944283,
              0.2068663584749336,
              0.19735154838925612,
              0.18086543417872256,
              0.23150313121764496
            ],
            [
              0.1835564739175929,
              0.20684818713323866,
              0.19739828682764227,
              0.1807262444530518,
              0.2314708076684744
            ],
            [
              0.18349755299148815,
              0.20685499082572242,
              0.19737700462635996,
              0.18078735161977302,
              0.2314830999366565
            ],
            [
              0.18352817791696277,
              0.2068507891105821,
              0.19738402682028072,
              0.18076229008985262,
              0.23147471606232192
            ],
            [
              0.1835312424595053,
              0.2068510716785652,
              0.19738603107321168,
              0.1807570944775775,
              0.2314745603111404
            ],
            [
              0.18346010497892534,
              0.2068583588883907,
              0.1973561973076079,
              0.18083799980275586,
              0.2314873390223203
            ],
            [
              0.1833824134639316,
              0.20686894416902915,
              0.1973338303206043,
              0.1809083886186324,
              0.2315064234278026
            ],
            [
              0.18340799296066576,
              0.20686546024204633,
              0.1973414407481751,
              0.18088484657743478,
              0.23150025947167785
            ],
            [
              0.18339079697204794,
              0.20687013409852958,
              0.19734335999214034,
              0.1808877254751223,
              0.2315079834621599
            ],
            [
              0.18346914122059826,
              0.20686144964277337,
              0.1973737908876787,
              0.18080292682076143,
              0.23149269142818835
            ],
            [
              0.18343329041335119,
              0.20686604824770377,
              0.1973635790772423,
              0.1808355578034166,
              0.23150152445828615
            ]
          ],
          [
            [
              0.18347293187395286,
              0.2068588418372533,
              0.197369259517211,
              0.18081008830473133,
              0.2314888784668515
            ],
            [
              0.18345997478008827,
              0.2068604240719172,
              0.19736468773865776,
              0.18082327168071782,
              0.23149164172861905
            ],
            [
              0.1834776297666741,
              0.20685817898452355,
              0.19737062228593694,
              0.1808058416624589,
              0.23148772730040656
            ],
            [
              0.1834702971934932,
              0.2068590680261986,
              0.19736801077934973,
              0.18081334513077701,
              0.2314892788701815
            ],
            [
              0.18347400628551008,
              0.20685855480225096,
              0.19736906286208225,
              0.1808100166167753,
              0.23148835943338142
            ],
            [
              0.18347441650654436,
              0.20685853461811116,
              0.19736928400214296,
              0.18080945364027717,
              0.23148831123292446
            ],
            [
              0.18346545581807464,
              0.20685954830200023,
              0.19736580953645882,
              0.180819121259578,
              0.23149006508388834
            ],
            [
              0.1834559396685545,
              0.20686081329519404,
              0.19736282102664496,
              0.18082814533741665,
              0.23149228067218983
            ],
            [
              0.18345907849412824,
              0.20686039877780626,
              0.19736382222472382,
              0.1808251429739526,
              0.23149155752938885
            ],
            [
              0.18345716091664366,
              0.20686080205359042,
              0.19736372321132792,
              0.18082605539975838,
              0.23149225841867965
            ],
            [
              0.18346696481090227,
              0.2068596472016603,
              0.19736735711207828,
              0.1808157757390923,
              0.23149025513626684
            ],
            [
              0.1834625725585054,
              0.20686022307122887,
              0.19736597533887243,
              0.18081995312041968,
              0.2314912759109736
            ]
          ],
          [
            [
              0.1834672723896701,
              0.20685947894532075,
              0.19736703590389149,
              0.18081624084920117,
              0.2314899719119166
            ],
            [
              0.183465663489732,
              0.2068596779103085,
              0.19736647228681142,
              0.1808178691126905,
              0.23149031720045762
            ],
            [
              0.18346784777166558,
              0.2068594018413603,
              0.1973672165068009,
              0.18081569602971234,
              0.23148983785046087
            ],
            [
              0.18346693663239008,
              0.20685951405938707,
              0.19736689562919899,
              0.18081662114075936,
              0.2314900325382645
            ],
            [
              0.18346739048275557,
              0.20685945330686967,
              0.1973670369218008,
              0.18081619304798002,
              0.23148992624059397
            ],
            [
              0.18346744356869388,
              0.20685944850027474,
              0.1973670611651644,
              0.1808161290548889,
              0.23148991771097815
            ],
            [
              0.18346632263788312,
              0.20685958125727466,
              0.1973666466989769,
              0.1808173020988812,
              0.23149014730698414
            ],
            [
              0.18346515086428855,
              0.2068597333363346,
              0.19736626218137482,
              0.18081844174686665,
              0.2314904118711354
            ],
            [
              0.18346553775761765,
              0.20685968337553678,
              0.19736639018654595,
              0.18081806363826775,
              0.23149032504203187
            ],
            [
              0.1834653151766552,
              0.20685972237731792,
              0.19736635309793,
              0.18081821591619135,
              0.23149039343190553
            ],
            [
              0.18346653712552546,
              0.2068595744548337,
              0.19736679324790604,
              0.1808169579055818,
              0.23149013726615295
            ],
            [
              0.18346599612819864,
              0.20685964438771073,
              0.19736661531558272,
              0.18081748497388903,
              0.23149025919461885
            ]
          ],
          [
            [
              0.1834665637042028,
              0.20685956247466883,
              0.19736677198637723,
              0.18081698570276505,
              0.23149011613198614
            ],
            [
              0.1834663640506049,
              0.20685958728727222,
              0.19736670237452328,
              0.1808171871389722,
              0.23149015914862736
            ],
            [
              0.18346663454409076,
              0.20685955325998515,
              0.19736679520698985,
              0.1808169168652935,
              0.23149010012364055
            ],
            [
              0.18346652143279352,
              0.20685956728477015,
              0.19736675565042494,
              0.18081703119767734,
              0.23149012443433414
            ],
            [
              0.18346657728376517,
              0.20685956000945255,
              0.1973667738877191,
              0.18081697704043292,
              0.23149011177863033
            ],
            [
              0.18346658402448987,
              0.20685955928735397,
              0.19736677664123023,
              0.1808169695170117,
              0.23149011052991425
            ],
            [
              0.18346644434524392,
              0.20685957622958878,
              0.1973667264131855,
              0.18081711315647028,
              0.23149013985551145
            ],
            [
              0.18346629962877317,
              0.2068595947173483,
