{
  "baseline": {
    "config": {
      "N": 12,
      "A": 5,
      "C": 5,
      "episodes": 60,
      "steps_per_episode": 64,
      "enable_veto": true,
      "enable_floor": true,
      "enable_ci_aware": true,
      "reward_si_weight": 1.0,
      "reward_consensus_weight": 0.3,
      "reward_acceptance_weight": 0.2,
      "network_type": "watts_strogatz",
      "eta": 0.06,
      "gamma": 0.95,
      "pi_lr": 0.0003,
      "vf_lr": 0.0005,
      "seed": 42
    },
    "metrics": {
      "final_weights": [
        0.19022275945799258,
        0.24234673747679306,
        0.19992883815905707,
        0.20873233936417,
        0.15876932554198728
      ],
      "final_utilities": [],
      "convergence_steps": 0,
      "final_entropy": 0.9942813732515287,
      "final_consensus": 2.6228555827234603e-09,
      "final_si_mean": 0.6745595538065393,
      "single_criterion_dominance": 0.24234673747679306,
      "positive_bias_ratio": 0.5013888888888889,
      "s_type_ratio": 0.8180555555555555
    },
    "time_series": {
      "si_trajectory": [
        0.6593852119027551,
        0.6703787074140651,
        0.6736920809710295,
        0.6743724379595126,
        0.6745188123520117,
        0.6745506460867929,
        0.6745576023506273,
        0.6745591260089646,
        0.6745594601513285,
        0.6745595334771536,
        0.6745595495736746,
        0.6745595531078393
      ],
      "consensus_trajectory": [
        0.22243551486111618,
        0.034641661676740015,
        0.0073997630817672745,
        0.0016276594233491427,
        0.0003577244202555785,
        7.859177841909037e-05,
        1.7263159993013975e-05,
        3.791560815574746e-06,
        8.327056786217035e-07,
        1.828740602116685e-07,
        4.0161118519677076e-08,
        8.819740732191051e-09
      ],
      "entropy_trajectory": [
        0.9784390479360958,
        0.993893694052463,
        0.9942855669141418,
        0.994286017349291,
        0.9942825497528855,
        0.9942816371295159,
        0.9942814312305992,
        0.9942813859522931,
        0.9942813760295292,
        0.9942813738541839,
        0.9942813733769684,
        0.9942813732722305
      ],
      "weight_trajectories": [
        [
          [
            0.23512397613683222,
            0.1971963214808572,
            0.23116052408860727,
            0.20249843262840223,
            0.1340207456653011
          ],
          [
            0.20751758827065245,
            0.24391252914684092,
            0.23231010350714099,
            0.2023706935868531,
            0.1138890854885125
          ],
          [
            0.2326547944258038,
            0.12675711408664603,
            0.2541417511199979,
            0.2507222583018144,
            0.13572408206573783
          ],
          [
            0.21016378000357877,
            0.25309976663559336,
            0.16211362996569617,
            0.20350135231629307,
            0.17112147107883877
          ],
          [
            0.1830868194331685,
            0.3625551775057191,
            0.15616841869881212,
            0.1790776821597152,
            0.11911190220258505
          ],
          [
            0.15846824573128754,
            0.31478558926643707,
            0.16564089371640905,
            0.2162150047710129,
            0.14489026651485343
          ],
          [
            0.16121690525387847,
            0.2974379089483741,
            0.1704181908759379,
            0.17126620386447156,
            0.199660791057338
          ],
          [
            0.1830868194331685,
            0.3625551775057191,
            0.15616841869881215,
            0.1790776821597152,
            0.11911190220258505
          ],
          [
            0.14081743301471356,
            0.20148249405005264,
            0.18767565423324953,
            0.2295792345361015,
            0.24044518416588284
          ],
          [
            0.1878636086449065,
            0.15185030736391997,
            0.24588509812687664,
            0.18310015206581376,
            0.23130083379848315
          ],
          [
            0.15361938951521326,
            0.17463638134149612,
            0.21056328680999087,
            0.25801557036030925,
            0.20316537197299062
          ],
          [
            0.23685014404985713,
            0.1747127023842764,
            0.24178227218563808,
            0.23571364086053104,
            0.11094124051969739
          ]
        ],
        [
          [
            0.19672345765333626,
            0.22569691528933147,
            0.20811891499682522,
            0.21277965784827985,
            0.15668105421222733
          ],
          [
            0.19278683823572015,
            0.2448574235389117,
            0.1999367603056147,
            0.20827579533565369,
            0.15414318258409976
          ],
          [
            0.19888382533775525,
            0.22369473900005696,
            0.20929039479169634,
            0.21326072203235613,
            0.15487031883813537
          ],
          [
            0.19241944041115563,
            0.24044352561384824,
            0.20132729594583387,
            0.2095547508520607,
            0.15625498717710157
          ],
          [
            0.18592329958841933,
            0.26452914776282505,
            0.19082696839490165,
            0.20377064742558487,
            0.15494993682826924
          ],
          [
            0.18589273766568287,
            0.2635903593041256,
            0.190888637109225,
            0.20395107512325658,
            0.15567719079770997
          ],
          [
            0.1843698360199427,
            0.25624957408390275,
            0.19302959942576392,
            0.2054352888973119,
            0.16091570157307875
          ],
          [
            0.18592329958841933,
            0.26452914776282505,
            0.19082696839490165,
            0.20377064742558487,
            0.15494993682826924
          ],
          [
            0.18537442332241844,
            0.2343835142589498,
            0.20097802522082808,
            0.2100069892736786,
            0.16925704792412521
          ],
          [
            0.18982802129702747,
            0.22334045311493125,
            0.2064341474424272,
            0.21263451527952593,
            0.16776286286608827
          ],
          [
            0.18916578256915373,
            0.23313030186769323,
            0.20260262826037656,
            0.21051136367489817,
            0.1645899236278784
          ],
          [
            0.19693491424137063,
            0.22315203028243552,
            0.20911243317400313,
            0.2131725747599622,
            0.1576280475422286
          ]
        ],
        [
          [
            0.19143512352792033,
            0.23860458488725214,
            0.20165574195893532,
            0.20960413490395866,
            0.1587004147219335
          ],
          [
            0.19048598050622395,
            0.24270987848292805,
            0.19989841239675757,
            0.20867805028273284,
            0.15822767833135742
          ],
          [
            0.19175062196475276,
            0.2380397360782177,
            0.2019643516190734,
            0.20974820122168003,
            0.1584970891162761
          ],
          [
            0.1905642734293151,
            0.24190996713709428,
            0.2001997278084096,
            0.20884997457063256,
            0.15847605705454837
          ],
          [
            0.1891726978608239,
            0.24717363697116465,
            0.1978843031811185,
            0.20764672550989552,
            0.15812263647699723
          ],
          [
            0.18918879222499022,
            0.24695245186521397,
            0.1979665684785801,
            0.20769546915531892,
            0.15819671827589682
          ],
          [
            0.18916211742472974,
            0.24551660504448566,
            0.19845348144172714,
            0.20799046903245078,
            0.1588773270566067
          ],
          [
            0.1891726978608239,
            0.24717363697116465,
            0.1978843031811185,
            0.20764672550989552,
            0.15812263647699723
          ],
          [
            0.18978004951477426,
            0.24091773070782202,
            0.20026496696855786,
            0.20899400265293105,
            0.1600432501559148
          ],
          [
            0.19059583312572778,
            0.23839789256031785,
            0.20142854394431414,
            0.20958114807129646,
            0.1599965822983438
          ],
          [
            0.1902915734245635,
            0.24045609355398792,
            0.2006075602645352,
            0.2091312528846548,
            0.15951351987225865
          ],
          [
            0.19151071908922662,
            0.23804319269649293,
            0.2018777780124151,
            0.20972663434638056,
            0.15884167585548475
          ]
        ],
        [
          [
            0.19046223290982392,
            0.24151131071519347,
            0.20030333344191953,
            0.20892468223849986,
            0.15879844069456328
          ],
          [
            0.19024842262937255,
            0.2424105616232469,
            0.19991591760055052,
            0.20872110346531705,
            0.15870399468151306
          ],
          [
            0.1905155199224641,
            0.24137971705334882,
            0.20036786293859823,
            0.20895620086089134,
            0.15878069922469756
          ],
          [
            0.19027639011677466,
            0.2422399272370253,
            0.19998493050621638,
            0.20875875791874207,
            0.15873999422124158
          ],
          [
            0.18997969830005101,
            0.2434003778269788,
            0.19947758518521103,
            0.2084944100474698,
            0.15864792864028937
          ],
          [
            0.18998682809549952,
            0.2433539535315017,
            0.1994961772546608,
            0.2085046096397949,
            0.15865843147854308
          ],
          [
            0.19001553817404626,
            0.24305572299873554,
            0.1996096028296086,
            0.2085687967017967,
            0.1587503392958129
          ],
          [
            0.18997969830005101,
            0.2434003778269788,
            0.19947758518521103,
            0.2084944100474698,
            0.15864792864028937
          ],
          [
            0.19019797602009872,
            0.24206918578341283,
            0.20001600805796638,
            0.2087880133231535,
            0.15892881681536863
          ],
          [
            0.19035916625226318,
            0.2415068020598911,
            0.20026809996403977,
            0.20891748549522637,
            0.15894844622857962
          ],
          [
            0.19027405199411299,
            0.24194988927929903,
            0.20008442513353744,
            0.20881877829814902,
            0.15887285529490136
          ],
          [
            0.1904845204688257,
            0.24139093076661283,
            0.20035293455161912,
            0.20895142839890507,
            0.15882018581403728
          ]
        ],
        [
          [
            0.19027223040837765,
            0.24216170958433017,
            0.20001050567611628,
            0.20877465685660912,
            0.15878089747456686
          ],
          [
            0.1902246214151102,
            0.24235885969796322,
            0.19992530934493122,
            0.20872996931702728,
            0.1587612402249681
          ],
          [
            0.19028202037124986,
            0.24213184943666768,
            0.20002433013990611,
            0.20878162866679695,
            0.15878017138537942
          ],
          [
            0.19023203895358615,
            0.24232203152252102,
            0.19994069723001864,
            0.20873820067523727,
            0.15876703161863698
          ],
          [
            0.19016793463834925,
            0.24257739915007476,
            0.19982947303176743,
            0.20868012486930954,
            0.15874506831049887
          ],
          [
            0.19016989073345242,
            0.2425673982960482,
            0.19983363096628032,
            0.2086823556320005,
            0.15874672437221854
          ],
          [
            0.19018026378150238,
            0.24250394575358153,
            0.19985928439438289,
            0.20869634792529418,
            0.15876015814523908
          ],
          [
            0.19016793463834925,
            0.24257739915007476,
            0.19982947303176743,
            0.20868012486930954,
            0.15874506831049887
          ],
          [
            0.1902258029188044,
            0.24229004031898346,
            0.19994953824293238,
            0.20874435114884873,
            0.15879026737043106
          ],
          [
            0.19025910281167965,
            0.24216548427614568,
            0.20000451381600956,
            0.2087728380029644,
            0.15879806109320085
          ],
          [
            0.1902382421770866,
            0.24226170099348998,
            0.1999637822871596,
            0.20875121605665728,
            0.15878505848560656
          ],
          [
            0.19027779020198407,
            0.24213560584062277,
            0.20002152064296025,
            0.20878051507648507,
            0.15878456823794773
          ]
        ],
        [
          [
            0.19023325827341098,
            0.24230592096461767,
            0.1999467058434437,
            0.2087416417963462,
            0.1587724731221815
          ],
          [
            0.19022272657528333,
            0.24234917817161497,
            0.1999279820926287,
            0.20873183001900145,
            0.15876828314147162
          ],
          [
            0.1902351844279713,
            0.24229925129748775,
            0.19994970070247503,
            0.2087431784753079,
            0.15877268509675804
          ],
          [
            0.1902245044901588,
            0.2423411651228852,
            0.19993138876241023,
            0.2087336339312998,
            0.158769307693246
          ],
          [
            0.19021055009127394,
            0.2423973074403926,
            0.19990698578116392,
            0.20872087697982292,
            0.15876427970734658
          ],
          [
            0.19021102543174834,
            0.242395134149954,
            0.19990790728367946,
            0.20872136569335256,
            0.1587645674412656
          ],
          [
            0.19021377974485176,
            0.24238143833829795,
            0.19991362837606252,
            0.20872442648607217,
            0.1587667270547156
          ],
          [
            0.19021055009127394,
            0.2423973074403926,
            0.19990698578116392,
            0.20872087697982292,
            0.15876427970734658
          ],
          [
            0.1902244215352915,
            0.24233478466475342,
            0.19993356639137827,
            0.2087349521388793,
            0.15877227526969756
          ],
          [
            0.19023148873378354,
            0.2423073081292877,
            0.19994559430625722,
            0.20874121425147252,
            0.158774394579199
          ],
          [
            0.19022665361125415,
            0.24232831065078406,
            0.19993660277034145,
            0.2087364723180296,
            0.15877196064959073
          ],
          [
            0.19023455725075464,
            0.24230022751884966,
            0.1999491391109685,
            0.2087429263317173,
            0.15877314978771
          ]
        ],
        [
          [
            0.19022502227628352,
            0.24233775249436312,
            0.19993275415101935,
            0.2087343833100969,
            0.15877008776823714
          ],
          [
            0.1902227004909114,
            0.24234724758329224,
            0.19992864064479038,
            0.2087322288030516,
            0.15876918247795452
          ],
          [
            0.19022541906450072,
            0.2423362746497406,
            0.1999334070328527,
            0.2087347214369972,
            0.15877017781590885
          ],
          [
            0.19022310837926998,
            0.2423454966103285,
            0.19992939197436424,
            0.20873262451378377,
            0.15876937852225348
          ],
          [
            0.19022005834272943,
            0.2423578330881032,
            0.19992403556415295,
            0.20872982263576115,
            0.15876825036925335
          ],
          [
            0.19022016808880968,
            0.2423573585049868,
            0.1999242389158963,
            0.20872992982536753,
            0.15876830466493974
          ],
          [
            0.19022082873476895,
            0.24235437877775037,
            0.19992550554361513,
            0.20873060058813772,
            0.1587686863557279
          ],
          [
            0.19022005834272943,
            0.2423578330881032,
            0.19992403556415295,
            0.20872982263576115,
            0.15876825036925335
          ],
          [
            0.19022324081811054,
            0.24234417095238964,
            0.1999298978454929,
            0.20873291019808698,
            0.15876978018592008
          ],
          [
            0.19022476405266284,
            0.24233812249319406,
            0.19993253397756874,
            0.20873428612706002,
            0.15877029334951434
          ],
          [
            0.190223672482857,
            0.24234271987744294,
            0.19993055391640235,
            0.20873324551701203,
            0.15876980820628575
          ],
          [
            0.19022531667563897,
            0.24233650675482435,
            0.19993329018967076,
            0.2087346651722859,
            0.15877022120758005
          ]
        ],
        [
          [
            0.1902232513660534,
            0.24234476185245807,
            0.19992969719614656,
            0.2087327883435664,
            0.15876950124177558
          ],
          [
            0.19022274043777673,
            0.24234684651312297,
            0.19992879364972196,
            0.20873231522559008,
            0.15876930417378832
          ],
          [
            0.19022333543435135,
            0.2423444357689513,
            0.1999298400101976,
            0.20873286267601596,
            0.15876952611048392
          ],
          [
            0.19022283205582688,
            0.24234646301180537,
            0.19992895902175806,
            0.20873240207479227,
            0.15876934383581745
          ],
          [
            0.19022216393853308,
            0.24234917303454045,
            0.19992778302797892,
            0.20873178672056816,
            0.15876909327837935
          ],
          [
            0.1902221886669743,
            0.24234906912743778,
            0.19992782780056045,
            0.20873181024429588,
            0.1587691041607316
          ],
          [
            0.19022234028137677,
            0.24234841803397478,
            0.1999281071594284,
            0.2087319573834779,
            0.15876917714174213
          ],
          [
            0.19022216393853308,
            0.24234917303454045,
            0.19992778302797892,
            0.20873178672056816,
            0.15876909327837935
          ],
          [
            0.1902228787827256,
            0.24234618073363642,
            0.19992907335230203,
            0.20873246436764073,
            0.15876940276369517
          ],
          [
            0.19022320992629987,
            0.24234485076157522,
            0.19992965164657184,
            0.20873276661607873,
            0.15876952104947434
          ],
          [
            0.19022296672700245,
            0.24234585863218316,
            0.19992921617240134,
            0.2087325381789437,
            0.15876942028946936
          ],
          [
            0.19022331708791582,
            0.2423444888159015,
            0.19992981511021482,
            0.20873285021541998,
            0.15876952877054787
          ]
        ],
        [
          [
            0.19022286688520795,
            0.24234630337291224,
            0.1999290266797526,
            0.20873243796637894,
            0.15876936509574824
          ],
          [
            0.19022275455910528,
            0.24234676111705936,
            0.19992882823226465,
            0.20873233406954392,
            0.15876932202202684
          ],
          [
            0.1902228849877763,
            0.2423462315825568,
            0.19992905797673338,
            0.20873245429936474,
            0.15876937115356882
          ],
          [
            0.1902227749182951,
            0.24234667701750254,
            0.199928864592998,
            0.20873235313618152,
            0.15876933033502297
          ],
          [
            0.19022262839326548,
            0.24234727225629094,
            0.19992860637309687,
            0.20873221799519662,
            0.15876927498215004
          ],
          [
            0.19022263389727695,
            0.24234724947442163,
            0.19992861621894595,
            0.20873222315931275,
            0.1587692772500428
          ],
          [
            0.19022266795776052,
            0.24234710687336683,
            0.19992867770844036,
            0.20873225545277052,
            0.15876929200766177
          ],
          [
            0.19022262839326548,
            0.24234727225629094,
            0.19992860637309687,
            0.20873221799519662,
            0.15876927498215004
          ],
          [
            0.19022278724583466,
            0.24234661606311553,
            0.1999288900799231,
            0.20873236676396104,
            0.1587693398471657
          ],
          [
            0.19022285957268525,
            0.2423463237943722,
            0.19992901700488203,
            0.20873243314973922,
            0.1587693664783213
          ],
          [
            0.19022280575657405,
            0.24234654492512986,
            0.19992892129692755,
            0.20873238299368332,
            0.15876934502768528
          ],
          [
            0.1902228814434496,
            0.24234624347502995,
            0.1999290525974766,
            0.2087324515506975,
            0.15876937093334634
          ]
        ],
        [
          [
            0.19022278296855583,
            0.2423466421610078,
            0.19992887952483795,
            0.2087323610080833,
            0.15876933433751517
          ],
          [
            0.19022275828660096,
            0.2423467426775363,
            0.1999288359417777,
            0.2087323381919927,
            0.1587693249020924
          ],
          [
            0.19022278690191582,
            0.2423466263742548,
            0.19992888639014433,
            0.20873236459598085,
            0.15876933573770421
          ],
          [
            0.1902227627856339,
            0.2423467242227464,
            0.19992884393198432,
            0.20873234237844907,
            0.15876932668118632
          ],
          [
            0.1902227306309346,
            0.24234685495287386,
            0.19992878722939006,
            0.20873231269998155,
            0.15876931448681997
          ],
          [
            0.1902227318482574,
            0.24234684995413394,
            0.1999287893931847,
            0.2087323138338394,
            0.15876931497058433
          ],
          [
            0.19022273941774773,
            0.2423468186828803,
            0.1999288029131364,
            0.20873232092344174,
            0.1587693180627939
          ],
          [
            0.1902227306309346,
            0.24234685495287386,
            0.19992878722939006,
            0.20873231269998155,
            0.15876931448681997
          ],
          [
            0.19022276573478125,
            0.24234671095804622,
            0.1999288495734877,
            0.20873234536509488,
            0.15876932836858998
          ],
          [
            0.1902227815720492,
            0.24234664675067283,
            0.19992887743859525,
            0.20873235994503087,
            0.15876933429365192
          ],
          [
            0.1902227697058991,
            0.24234669528854738,
            0.19992885641170968,
            0.2087323489316247,
            0.15876932966221913
          ],
          [
            0.19022278618031485,
            0.24234662901437934,
            0.19992888521923918,
            0.208732363990922,
            0.15876933559514475
          ]
        ],
        [
          [
            0.19022276460054216,
            0.24234671659159485,
            0.19992884721974677,
            0.20873234410598554,
            0.15876932748213074
          ],
          [
            0.190222759178533,
            0.24234673866486592,
            0.19992883764830052,
            0.20873233909545888,
            0.15876932541284167
          ],
          [
            0.19022276545940628,
            0.2423467131222452,
            0.19992884872651037,
            0.20873234489403672,
            0.15876932779780156
          ],
          [
            0.1902227601698321,
            0.24234673461371312,
            0.1999288394036065,
            0.20873234001475047,
            0.15876932579809788
          ],
          [
            0.19022275311115722,
            0.2423467633243026,
            0.19992882695182862,
            0.208732333497088,
            0.1587693231156236
          ],
          [
            0.19022275337949726,
            0.2423467622270504,
            0.1999288274271976,
            0.2087323337460655,
            0.1587693232201893
          ],
          [
            0.19022275505229858,
            0.242346755364929,
            0.19992883039819628,
            0.20873233530272572,
            0.15876932388185047
          ],
          [
            0.19022275311115722,
            0.2423467633243026,
            0.19992882695182862,
            0.208732333497088,
            0.1587693231156236
          ],
          [
            0.19022276084581655,
            0.24234673171489904,
            0.1999288406477186,
            0.20873234066992302,
            0.15876932612164285
          ],
          [
            0.1902227643183782,
            0.24234671761180934,
            0.19992884676609335,
            0.208732343871913,
            0.15876932743180622
          ],
          [
            0.19022276170689723,
            0.2423467282682532,
            0.19992884214741935,
            0.2087323414534351,
            0.15876932642399516
          ],
          [
            0.19022276530758425,
            0.2423467137053669,
            0.1999288484705914,
            0.20873234476099384,
            0.15876932775546365
          ]
        ],
        [
          [
            0.1902227605739041,
            0.2423467329406206,
            0.19992884012663195,
            0.20873234039399025,
            0.1587693259648531
          ],
          [
            0.19022275938299674,
            0.24234673778796265,
            0.1999288380246409,
            0.20873233929364943,
            0.15876932551075035
          ],
          [
            0.19022276076193934,
            0.24234673217843838,
            0.1999288404574216,
            0.20873234056706624,
            0.15876932603513444
          ],
          [
            0.19022275960107699,
            0.24234673689849445,
            0.19992883841018858,
            0.20873233949552242,
            0.15876932559471763
          ],
          [
            0.19022275805126193,
            0.2423467432036952,
            0.1999288356757516,
            0.20873233806419128,
            0.15876932500510005
          ],
          [
            0.19022275811030925,
            0.24234674296279027,
            0.1999288357801675,
            0.20873233811886543,
            0.15876932502786753
          ],
          [
            0.19022275847889622,
            0.24234674145643753,
            0.19992883643284454,
            0.20873233846068762,
            0.15876932517113418
          ],
          [
            0.19022275805126193,
            0.2423467432036952,
            0.1999288356757516,
            0.20873233806419128,
            0.15876932500510005
          ],
          [
            0.1902227597528455,
            0.24234673626355852,
            0.19992883868401298,
            0.20873233963931903,
            0.158769325660264
          ],
          [
            0.19022276051481013,
            0.24234673316610617,
            0.19992884002753353,
            0.20873234034251384,
            0.15876932594903634
          ],
          [
            0.19022275994065607,
            0.24234673550600552,
            0.199928839013121,
            0.20873233981141615,
            0.15876932572880129
          ],
          [
            0.1902227607293765,
            0.2423467323068861,
            0.19992884040136288,
            0.20873234053782946,
            0.15876932602454502
          ]
        ]
      ]
    }
  },
  "no_veto": {
    "config": {
      "N": 12,
      "A": 5,
      "C": 5,
      "episodes": 60,
      "steps_per_episode": 64,
      "enable_veto": false,
      "enable_floor": true,
      "enable_ci_aware": true,
      "reward_si_weight": 1.0,
      "reward_consensus_weight": 0.3,
      "reward_acceptance_weight": 0.2,
      "network_type": "watts_strogatz",
      "eta": 0.06,
      "gamma": 0.95,
      "pi_lr": 0.0003,
      "vf_lr": 0.0005,
      "seed": 42
    },
    "metrics": {
      "final_weights": [
        0.19022275945799258,
        0.24234673747679306,
        0.19992883815905707,
        0.20873233936417,
        0.15876932554198728
      ],
      "final_utilities": [],
      "convergence_steps": 0,
      "final_entropy": 0.9942813732515287,
      "final_consensus": 2.6228555827234603e-09,
      "final_si_mean": 0.6745595538065393,
      "single_criterion_dominance": 0.24234673747679306,
      "positive_bias_ratio": 0.5013888888888889,
      "s_type_ratio": 0.8180555555555555
    },
    "time_series": {
      "si_trajectory": [
        0.6593852119027551,
        0.6703787074140651,
        0.6736920809710295,
        0.6743724379595126,
        0.6745188123520117,
        0.6745506460867929,
        0.6745576023506273,
        0.6745591260089646,
        0.6745594601513285,
        0.6745595334771536,
        0.6745595495736746,
        0.6745595531078393
      ],
      "consensus_trajectory": [
        0.22243551486111618,
        0.034641661676740015,
        0.0073997630817672745,
        0.0016276594233491427,
        0.0003577244202555785,
        7.859177841909037e-05,
        1.7263159993013975e-05,
        3.791560815574746e-06,
        8.327056786217035e-07,
        1.828740602116685e-07,
        4.0161118519677076e-08,
        8.819740732191051e-09
      ],
      "entropy_trajectory": [
        0.9784390479360958,
        0.993893694052463,
        0.9942855669141418,
        0.994286017349291,
        0.9942825497528855,
        0.9942816371295159,
        0.9942814312305992,
        0.9942813859522931,
        0.9942813760295292,
        0.9942813738541839,
        0.9942813733769684,
        0.9942813732722305
      ],
      "weight_trajectories": [
        [
          [
            0.23512397613683222,
            0.1971963214808572,
            0.23116052408860727,
            0.20249843262840223,
            0.1340207456653011
          ],
          [
            0.20751758827065245,
            0.24391252914684092,
            0.23231010350714099,
            0.2023706935868531,
            0.1138890854885125
          ],
          [
            0.2326547944258038,
            0.12675711408664603,
            0.2541417511199979,
            0.2507222583018144,
            0.13572408206573783
          ],
          [
            0.21016378000357877,
            0.25309976663559336,
            0.16211362996569617,
            0.20350135231629307,
            0.17112147107883877
          ],
          [
            0.1830868194331685,
            0.3625551775057191,
            0.15616841869881212,
            0.1790776821597152,
            0.11911190220258505
          ],
          [
            0.15846824573128754,
            0.31478558926643707,
            0.16564089371640905,
            0.2162150047710129,
            0.14489026651485343
          ],
          [
            0.16121690525387847,
            0.2974379089483741,
            0.1704181908759379,
            0.17126620386447156,
            0.199660791057338
          ],
          [
            0.1830868194331685,
            0.3625551775057191,
            0.15616841869881215,
            0.1790776821597152,
            0.11911190220258505
          ],
          [
            0.14081743301471356,
            0.20148249405005264,
            0.18767565423324953,
            0.2295792345361015,
            0.24044518416588284
          ],
          [
            0.1878636086449065,
            0.15185030736391997,
            0.24588509812687664,
            0.18310015206581376,
            0.23130083379848315
          ],
          [
            0.15361938951521326,
            0.17463638134149612,
            0.21056328680999087,
            0.25801557036030925,
            0.20316537197299062
          ],
          [
            0.23685014404985713,
            0.1747127023842764,
            0.24178227218563808,
            0.23571364086053104,
            0.11094124051969739
          ]
        ],
        [
          [
            0.19672345765333626,
            0.22569691528933147,
            0.20811891499682522,
            0.21277965784827985,
            0.15668105421222733
          ],
          [
            0.19278683823572015,
            0.2448574235389117,
            0.1999367603056147,
            0.20827579533565369,
            0.15414318258409976
          ],
          [
            0.19888382533775525,
            0.22369473900005696,
            0.20929039479169634,
            0.21326072203235613,
            0.15487031883813537
          ],
          [
            0.19241944041115563,
            0.24044352561384824,
            0.20132729594583387,
            0.2095547508520607,
            0.15625498717710157
          ],
          [
            0.18592329958841933,
            0.26452914776282505,
            0.19082696839490165,
            0.20377064742558487,
            0.15494993682826924
          ],
          [
            0.18589273766568287,
            0.2635903593041256,
            0.190888637109225,
            0.20395107512325658,
            0.15567719079770997
          ],
          [
            0.1843698360199427,
            0.25624957408390275,
            0.19302959942576392,
            0.2054352888973119,
            0.16091570157307875
          ],
          [
            0.18592329958841933,
            0.26452914776282505,
            0.19082696839490165,
            0.20377064742558487,
            0.15494993682826924
          ],
          [
            0.18537442332241844,
            0.2343835142589498,
            0.20097802522082808,
            0.2100069892736786,
            0.16925704792412521
          ],
          [
            0.18982802129702747,
            0.22334045311493125,
            0.2064341474424272,
            0.21263451527952593,
            0.16776286286608827
          ],
          [
            0.18916578256915373,
            0.23313030186769323,
            0.20260262826037656,
            0.21051136367489817,
            0.1645899236278784
          ],
          [
            0.19693491424137063,
            0.22315203028243552,
            0.20911243317400313,
            0.2131725747599622,
            0.1576280475422286
          ]
        ],
        [
          [
            0.19143512352792033,
            0.23860458488725214,
            0.20165574195893532,
            0.20960413490395866,
            0.1587004147219335
          ],
          [
            0.19048598050622395,
            0.24270987848292805,
            0.19989841239675757,
            0.20867805028273284,
            0.15822767833135742
          ],
          [
            0.19175062196475276,
            0.2380397360782177,
            0.2019643516190734,
            0.20974820122168003,
            0.1584970891162761
          ],
          [
            0.1905642734293151,
            0.24190996713709428,
            0.2001997278084096,
            0.20884997457063256,
            0.15847605705454837
          ],
          [
            0.1891726978608239,
            0.24717363697116465,
            0.1978843031811185,
            0.20764672550989552,
            0.15812263647699723
          ],
          [
            0.18918879222499022,
            0.24695245186521397,
            0.1979665684785801,
            0.20769546915531892,
            0.15819671827589682
          ],
          [
            0.18916211742472974,
            0.24551660504448566,
            0.19845348144172714,
            0.20799046903245078,
            0.1588773270566067
          ],
          [
            0.1891726978608239,
            0.24717363697116465,
            0.1978843031811185,
            0.20764672550989552,
            0.15812263647699723
          ],
          [
            0.18978004951477426,
            0.24091773070782202,
            0.20026496696855786,
            0.20899400265293105,
            0.1600432501559148
          ],
          [
            0.19059583312572778,
            0.23839789256031785,
            0.20142854394431414,
            0.20958114807129646,
            0.1599965822983438
          ],
          [
            0.1902915734245635,
            0.24045609355398792,
            0.2006075602645352,
            0.2091312528846548,
            0.15951351987225865
          ],
          [
            0.19151071908922662,
            0.23804319269649293,
            0.2018777780124151,
            0.20972663434638056,
            0.15884167585548475
          ]
        ],
        [
          [
            0.19046223290982392,
            0.24151131071519347,
            0.20030333344191953,
            0.20892468223849986,
            0.15879844069456328
          ],
          [
            0.19024842262937255,
            0.2424105616232469,
            0.19991591760055052,
            0.20872110346531705,
            0.15870399468151306
          ],
          [
            0.1905155199224641,
            0.24137971705334882,
            0.20036786293859823,
            0.20895620086089134,
            0.15878069922469756
          ],
          [
            0.19027639011677466,
            0.2422399272370253,
            0.19998493050621638,
            0.20875875791874207,
            0.15873999422124158
          ],
          [
            0.18997969830005101,
            0.2434003778269788,
            0.19947758518521103,
            0.2084944100474698,
            0.15864792864028937
          ],
          [
            0.18998682809549952,
            0.2433539535315017,
            0.1994961772546608,
            0.2085046096397949,
            0.15865843147854308
          ],
          [
            0.19001553817404626,
            0.24305572299873554,
            0.1996096028296086,
            0.2085687967017967,
            0.1587503392958129
          ],
          [
            0.18997969830005101,
            0.2434003778269788,
            0.19947758518521103,
            0.2084944100474698,
